750
56
412
122
43
14
138 143
16
474 475
17
387
33
477
42
276
135
853 856
141
994
192
512 513
194
467
210
406
220
745
268
435
282
303
308
730
317
759 760
333
430
420
575
448
107
493
826
505
63
506
334
569
645
602
25
626
893
639
919 920
642
259 263
646
766
649
734
691
75
694
191 195
722
978
748
521 522
780
800 801
784
460
859
393
948
346
959
627
971
616
989
205
74
100
110
293
112
385 388
132
176
164
735 737
170
746
230
606
235
519
258
688
316
736
323
923
325
644
326
667
340
778
351
158 160
354
993 995
357
312
374
180 182
379
854
397
623
431
712
441
775
515
678
531
313
538
196
556
494 495
592
161 162
621
747
647
500
655
941 943
738
635 636
741
611
764
803
767
867
772
652
829
878
843
716 717
848
381
914
1
938
479
955
219
966
889
976
491
45
168 169
77
306 307
121
201
136
673 674
174
704
184
755
186
785
209
777
239
899
298
754
315
218 221
332
416
342
675 676
356
933
377
271 280
378
70
380
809
425
49 51
453
799
486
102 104
489
615 617
520
956 957
540
791
574
807
658
866 868
672
834 835
680
398 399
690
945 946
692
267
702
888
713
604
733
364
742
951
790
842
819
679
822
525 528
823
844
869
222
874
496 498
895
816 817
917
247
983
177
7
614
24
125
29
765 769
62
576
140
98
193
961 965
212
624 625
213
286
240
825 828
274
324 327
283
732
309
91 93
319
375 376
439
103
440
719
446
89
473
360
514
92
536
147 150
560
216
565
846 847
591
964
593
232
640
233
656
805 806
682
501 503
693
724
727
463
776
671
787
330 331
804
726 731
811
720 721
827
300
839
178
849
15 18
850
620 622
851
173 175
875
214 215
908
391
925
211
931
73
975
84 85
997
289 290
39
857 858
60
9
142
328
203
21
225
153 155
229
256 257
255
855
261
924
278
299
279
898 901
284
564 566
311
224 227
358
35
362
985 988
369
545 547
396
668 670
400
407 408
421
116 117
442
78
483
818 824
526
939
596
567
597
321 322
605
41
669
865
687
832 833
786
553 558
815
353 355
821
921
852
208
863
403 405
886
708
906
48
922
729
935
630 632
3
291 295
111
20 26
120
28
159
370
189
527 529
245
148
251
384 386
272
609 612
347
907
352
761
361
277
436
337 338
502
830
516
265
533
275
554
517 518
570
241
584
684 685
610
163 165
650
762 763
663
870
707
462
718
368 371
743
532
749 750
900
812
629
820
109
831
559
845
490 492
944
23
970
456
987
200 204
998
659 661
106
793 794
167
4
202
599 600
292
648
305
76 79
389
339 341
418 419
457
499
723
507
206 207
530
937 940
549
654
586 587
302
594
126 128
613
510 511
641
947 952
699 700
813 814
782 783
541
860
5
896
936
905
13
926
568 571
986
54 55
992
910 912
11
572 573
34
433
68 69
296
81
450
90
657 660
139
550
166
434 437
228
466 471
281
335 336
348
551
349
359 363
411
96 97
423
756
429
788 789
451
770 773
485
171 172
504
329
509
557
539
508
548 552
962
677
838 841
757
752 758
768
145
792
238 242
864
413 415
880
484 487
887
197
904 909
46 47
963
779
972
929 930
980 981
343 344
19
438 443
38
183 185
50
365 366
87
561
149
546
181
254
187
774 781
287
113
301
488
320
409 410
367
662 665
404
808 810
468
710 711
480
464 465
555
22
577 578
637 643
601 603
179
633 634
537 542
706
638
739
36 37
877
260
913
882 883
916 918
188 190
942
728
950
129 130
954
127
57 58
579 580
64 65
144 146
83
618 619
154
701 703
217
66 67
246 248
114 115
294
969
314
52 53
472
86 88
497
973 974
588
345 350
595 598
151 152
607 608
459 461
725
10 12
771
80 82
802
428 432
836
873 876
890
414 417
996 999
0 2
252 253
932 934
426 427
198 199
476 478
59 61
589 590
628 631
695 696
927 928
967 968
71 72
266 269
651 653
681 683
697 698
891 892
705 709
902 903
134 137
223 226
401 402
444 445
236 237
534 535
231 234
664 666
982 984
310 318
94 95
394 395
884 885
447 449
249 250
523 524
6 8
977 979
123 124
131 133
40 44
797 798
911 915
871 872
372 373
262 264
382 383
285 288
452 454
562 563
958 960
583 585
99 101
949 953
105 108
118 119
751 753
894 897
27 30
990 991
740 744
156 157
714 715
243 244
795 796
270 273
390 392
879 881
455 458
297 304
31 32
422 424
543 544
581 582
861 862
686 689
837 840
481 482
469 470
